Iteration: 9
kp_pos = 0.3452655449087201
ki_pos = 0.17247645747085585
kd_pos = 0.7607510565104976
kp_alt = 0.8634296142134958
ki_alt = 0.027433369338943768
kd_alt = 0.12603721871836082
kp_att = 34.052560027283505
ki_att = 0.8309198803536483
kd_att = 49.63035257709499
final_time = 450
cost = 490.7887670955808
target = -490.7887670955808
