Iteration: 1
k_pid_pos: (0.7, 0.01, 0.09)
k_pid_alt: (0.7, 0.0, 0.1)
k_pid_att: (20.0, 1.0, 0.01)
k_pid_yaw: (0.5, 1e-06, 0.1)
k_pid_hsp: (1.0, 0.01, 0.01)
k_pid_vsp: (150.0, 10.0, 1.0)
final_time: 61.285000000000004
cost: 220.5434403608282
target = -220.5434403608282
