Iteration: 1
k_pid_pos: (0.8, 1e-08, 0.01)
k_pid_alt: (10.0, 0.001, 0.01)
k_pid_att: (70.0, 1.0, 1e-08)
k_pid_yaw: (0.5, 1e-06, 0.1)
k_pid_hsp: (1.0, 1e-08, 1e-08)
k_pid_vsp: (1067.0, 1e-08, 1.0)
final_time: 59.549
cost: 259.7632688564771
target = -259.7632688564771
