Iteration: 275
k_pid_pos: (0.8, 1e-08, 0.01)
k_pid_alt: (10.0, 1e-08, 0.01)
k_pid_att: (70.0, 216.13746043511438, 1e-08)
k_pid_yaw: (0.5, 1e-06, 0.1)
k_pid_hsp: (1.0, 1e-08, 1e-08)
k_pid_vsp: (1775.612683488011, 1e-08, 47.19205484757098)
final_time: 56.553000000000004
cost: 212.6525571585623
target = -212.6525571585623
