Iteration: 1
kp_pos: 0.7605314210227943
ki_pos: 0.37624518297791576
kd_pos: 1.0
kp_alt: 196.60373623182426
ki_alt: 29.090249051600722
kd_alt: 107.90640578767405
kp_att: 2.3755182014455283
ki_att: 1e-05
kd_att: 2.808073996317681
kp_yaw: 0.5
ki_yaw: 1e-06
kd_yaw: 0.1
kp_hsp: 124.37310350657175
ki_hsp: 1e-05
kd_hsp: 0.7454357201860323
kp_vsp: 114.68965027417173
ki_vsp: 1.0
kd_vsp: 0.6251197244454744
final_time: 82.20100000000001
cost: 241.41339352281227
target = -241.41339352281227
