Iteration: 1
k_pid_pos: (0.26680880136322865, 0.04136948056020428, 1e-05)
k_pid_alt: (13.697783288508846, 1e-08, 1e-08)
k_pid_att: (0.5, 0.0001, 0.17926161736052637)
k_pid_yaw: (0.5, 1e-06, 0.1)
k_pid_hsp: (0.05211865216819738, 1e-10, 1e-10)
k_pid_vsp: (2184.9189330167114, 1e-10, 1.1221881089919648)
final_time: 74.06
cost: 146.5526122957284
target = -146.5526122957284
