Iteration: 2625
kp_pos: 15.286855723927683
ki_pos: 85.6489298125708
kd_pos: 570.9729780679884
kp_alt: 501.4348721551547
ki_alt: 129.6994547953079
kd_alt: 516.1220639571324
kp_att: 822.2125076558591
ki_att: 197.95355057572442
kd_att: 268.00950602553
kp_yaw: 0.5
ki_yaw: 1e-06
kd_yaw: 0.1
kp_hsp: 864.3469295036089
ki_hsp: 760.7448335990454
kd_hsp: 141.7314238494728
kp_vsp: 928.2014197637283
ki_vsp: 930.0708046289685
kd_vsp: 11.261617043920216
final_time: 144.095
cost: 612.8258088376115
target = -612.8258088376115
