Iteration: 246
kp_pos: 185.00960637713635
ki_pos: 125.2084102995449
kd_pos: 923.4104918221987
kp_alt: 90.62055963995405
ki_alt: 19.00019022464936
kd_alt: 508.50367375057243
kp_att: 935.4671183683305
ki_att: 440.5965262477884
kd_att: 176.71393691988442
kp_yaw: 0.5
ki_yaw: 1e-06
kd_yaw: 0.1
kp_hsp: 941.2532733369724
ki_hsp: 230.1287492543784
kd_hsp: 17.286628156934288
kp_vsp: 934.7418838874437
ki_vsp: 252.25990792220833
kd_vsp: 878.7144861886655
final_time: 140.119
cost: 818.4959149036538
target = -818.4959149036538
